2.099809245761757577e-04,2.109542745496945429e-04,2.110902053866389977e-04,2.110594899761048958e-04,2.121183422046562855e-04
2.079657077368064213e-04,2.091062373429399793e-04,2.090624935663901087e-04,2.100127404049824495e-04,2.102612024875558279e-04
2.070457579100344766e-04,2.067597753195245280e-04,2.071727968030438890e-04,2.073313343107778702e-04,2.073358381136030748e-04
2.037978446666642498e-04,2.037727365461204404e-04,2.043547914540241059e-04,2.045985129058005495e-04,2.055665438033488039e-04
2.017662538351750530e-04,2.021520449208633735e-04,2.018578990271174020e-04,2.020162515525335083e-04,2.028126278274381994e-04
1.978029800255066983e-04,1.990112316445705729e-04,2.000141959217718477e-04,2.000149208408073733e-04,2.003805260468469272e-04
1.971179379109039612e-04,1.971920917703967884e-04,1.977902038454494062e-04,1.977939404073488709e-04,1.977500408402117825e-04
1.942175000725281737e-04,1.944652545047336964e-04,1.949471158026291526e-04,1.954850051665365401e-04,1.957854167721383902e-04
1.920189452949830680e-04,1.916812888450352076e-04,1.915786953218811552e-04,1.921322086516056465e-04,1.921710206458518498e-04
1.884160067677827656e-04,1.889341656998443661e-04,1.888218701263310543e-04,1.896180792820755467e-04,1.898060271923915593e-04
1.850284134697479732e-04,1.856993664556498406e-04,1.862406301445818113e-04,1.868014889573124671e-04,1.866439615759255552e-04
1.826265063373059010e-04,1.830318458683695187e-04,1.832187069348923726e-04,1.835346183857116504e-04,1.839063063191516683e-04
1.798226700168871061e-04,1.803666629739855796e-04,1.805953137694479794e-04,1.801226431879660028e-04,1.807158375986682062e-04
1.761304850596046067e-04,1.762729305813790133e-04,1.767434763986018673e-04,1.772029066296149449e-04,1.776323374962211787e-04
1.734295322445161835e-04,1.733037736856224626e-04,1.738253248424126635e-04,1.741821080995855915e-04,1.747040038470597419e-04
1.698336293788752275e-04,1.704348282552919220e-04,1.703447971692821715e-04,1.705911454133608165e-04,1.706606818223792591e-04
1.662074362000537278e-04,1.666796094772020592e-04,1.667871661012629801e-04,1.671677068282128155e-04,1.675245340785853703e-04
1.629521790681795631e-04,1.631334725147853132e-04,1.636037360997005200e-04,1.635248316307843261e-04,1.635862962814114215e-04
1.596379875268138387e-04,1.597972776238162310e-04,1.597984525773240639e-04,1.602227467772609723e-04,1.607190400189371427e-04
1.560814104297130280e-04,1.564413578058762111e-04,1.567299929911069396e-04,1.570173932289318564e-04,1.569339132375475651e-04
1.526677289813646598e-04,1.532629087898910894e-04,1.533659239258735587e-04,1.534954772889357978e-04,1.538058263687193796e-04
1.495102477499269614e-04,1.497508492130854123e-04,1.497924845782395596e-04,1.499616512224484944e-04,1.499881233845762796e-04
1.452062317180423422e-04,1.451802573435394250e-04,1.457672798013160298e-04,1.457837739186291842e-04,1.461500123661906199e-04
1.417697454792112434e-04,1.417517970346917917e-04,1.420735888341985974e-04,1.423035274273816181e-04,1.424133651149997373e-04
1.377848781604682328e-04,1.379196970393515231e-04,1.380844934570258525e-04,1.387005667267353479e-04,1.385303823519835875e-04
1.341070893764257298e-04,1.342017084193682498e-04,1.344235482042952423e-04,1.347187305265654350e-04,1.350880576128858483e-04
1.304586397619172879e-04,1.305328418582718314e-04,1.304738828962128815e-04,1.308221542533153910e-04,1.313908309476610758e-04
1.262016099248840565e-04,1.263085258789218678e-04,1.263759552080953965e-04,1.265957791852855105e-04,1.272379427077153179e-04
1.219842903252010710e-04,1.222891448388702888e-04,1.223859076247290104e-04,1.227048639450659421e-04,1.227824855350568667e-04
1.177690494083799788e-04,1.181489414325897434e-04,1.182824733301708110e-04,1.182571264041110988e-04,1.185123231715910433e-04
1.133988683701645672e-04,1.136833025243702219e-04,1.137276645418445169e-04,1.140630934855663294e-04,1.143492449514354635e-04
1.094459292234906676e-04,1.097195216491721117e-04,1.097323142787628303e-04,1.100168803211941946e-04,1.101238956308814461e-04
1.051483630404595552e-04,1.053205466840686480e-04,1.054955032583730092e-04,1.056099919702096259e-04,1.057777541787327573e-04
1.012632325647799028e-04,1.009885696810009295e-04,1.013334382067494787e-04,1.013298621157123473e-04,1.013519111749715327e-04
9.681302244425562446e-05,9.694501080778172679e-05,9.707698158752148699e-05,9.742457474684799545e-05,9.759913418471842950e-05
9.313571197089678434e-05,9.327803340134302196e-05,9.333670974343130557e-05,9.336434002126423287e-05,9.334107447989637102e-05
8.901183703568097999e-05,8.913559450731027632e-05,8.908934203548660375e-05,8.944918105267830584e-05,8.959460858466169282e-05
8.522629181898983062e-05,8.553891189564552197e-05,8.561795526445383300e-05,8.576586544132793919e-05,8.574123255621052654e-05
8.189366016134785246e-05,8.212234965700641691e-05,8.192401700205344858e-05,8.200191049942756540e-05,8.200181328567707456e-05
7.855042563364558251e-05,7.867382157302101053e-05,7.876534238633297181e-05,7.880263158821874524e-05,7.879505104585328814e-05
7.557708788839537152e-05,7.567169547515838061e-05,7.575295073129069379e-05,7.581906672042576121e-05,7.578161226603465030e-05
7.287105721875104607e-05,7.304148490622649440e-05,7.316351839231685628e-05,7.316225573635143603e-05,7.326231724481801209e-05
7.097643475681310310e-05,7.106671621526549417e-05,7.109280193670766213e-05,7.115926355044196907e-05,7.116820355483266460e-05
6.921826994000548872e-05,6.924902414636540900e-05,6.927871020753435317e-05,6.926773026611970983e-05,6.930202008868555194e-05
6.792978297603980439e-05,6.788924796813384642e-05,6.794377631280842640e-05,6.795328633556465213e-05,6.814146890941837108e-05
6.679347568624153164e-05,6.684517563459043646e-05,6.694646076352068662e-05,6.710744102525611631e-05,6.704164492428863940e-05
6.637994580210492478e-05,6.638205545139697593e-05,6.641170876005957882e-05,6.649897699949324241e-05,6.654641263908354302e-05
6.595167105436091585e-05,6.605516967453916590e-05,6.606176535811469745e-05,6.600271714612570997e-05,6.607316831315742712e-05
6.587094331365054472e-05,6.589549327239624171e-05,6.602190413310419712e-05,6.601356340796223120e-05,6.594620461228204160e-05
6.590550519697241762e-05,6.595516973386055350e-05,6.599612271517990580e-05,6.608125700328491175e-05,6.594637389268465750e-05
6.618444923444107117e-05,6.615443629314549567e-05,6.621177505382209994e-05,6.626641564826583842e-05,6.634725030047555706e-05
6.679661760555072846e-05,6.669682646998610306e-05,6.675686446939192644e-05,6.682331148132707990e-05,6.665937169701093869e-05
6.752233829659650072e-05,6.743952089340814855e-05,6.739916013820519637e-05,6.744878477395119525e-05,6.743252714853474464e-05
6.844711307227886591e-05,6.838566444605155450e-05,6.838936106507583997e-05,6.843624482868584176e-05,6.850141332190488679e-05
6.950095939045128758e-05,6.957032051842542612e-05,6.969127259468794577e-05,6.965101495645012843e-05,6.969379170114256279e-05
7.089252288867835836e-05,7.089777564248692055e-05,7.089843725281729826e-05,7.085438731600882415e-05,7.082082054002579387e-05
7.220969688891766590e-05,7.217217042774629651e-05,7.222338965608887846e-05,7.220091997876284086e-05,7.216608553995249476e-05
7.359685531614790905e-05,7.366769507782655179e-05,7.362129079924097531e-05,7.350219331008364069e-05,7.356416547383727166e-05
7.510500159391836350e-05,7.509548650521852861e-05,7.511636553083592301e-05,7.523209341813307958e-05,7.530926264486465839e-05
7.678950830104003852e-05,7.671971513333656321e-05,7.686664775647631146e-05,7.669315614714563439e-05,7.665691605955882182e-05
7.840932584957404944e-05,7.840637600440779310e-05,7.825496323747674647e-05,7.818199468219895487e-05,7.845691202778446664e-05
8.017136633848266311e-05,8.004773010912924285e-05,8.004625205387333681e-05,8.005231554715551510e-05,8.009499147694069162e-05
8.167750309283521091e-05,8.170286382323688353e-05,8.173723803440858366e-05,8.171997524475528129e-05,8.173465953251895805e-05
8.301383126089495630e-05,8.327026633534152452e-05,8.322644374645923415e-05,8.308978246144447719e-05,8.298964022266902931e-05
8.518207158578196497e-05,8.501398124960456767e-05,8.492355311003525764e-05,8.476492989347614814e-05,8.483757243603389170e-05
8.657959562813744134e-05,8.676752874137559786e-05,8.678190308302773299e-05,8.683028784363249505e-05,8.658523557114025703e-05
8.842451726085138553e-05,8.845896638183346891e-05,8.834970992695205430e-05,8.843348192728201515e-05,8.820078309782019394e-05
9.010606035189620421e-05,9.025219305999708226e-05,9.022144989565216127e-05,9.014094372165686563e-05,9.004011756516711333e-05
9.198989238609347693e-05,9.187952993325963357e-05,9.184028721606329871e-05,9.196905120732348337e-05,9.170034690519347461e-05
9.353240701704170488e-05,9.343098193901691888e-05,9.357150268041967154e-05,9.354547549380582804e-05,9.338723798211840592e-05
9.545728375121813726e-05,9.522653650375271877e-05,9.505175972483615051e-05,9.524792246489287447e-05,9.506165073855740331e-05
9.701401424111976129e-05,9.680948414448939236e-05,9.698431921238095282e-05,9.704774391539074921e-05,9.700360622405559377e-05
9.836742790141281821e-05,9.835209006756908106e-05,9.841841956756407380e-05,9.847556394114665096e-05,9.818726136341149097e-05
1.001176169258146911e-04,1.001084977778357669e-04,1.000663919488295803e-04,1.000132918961246819e-04,1.001370631379691438e-04
1.015903890685694572e-04,1.016897408141991373e-04,1.017222730785098369e-04,1.016682094378771733e-04,1.017126374319653567e-04
1.035628958207243720e-04,1.034221003979508716e-04,1.034726475696715796e-04,1.034897886293017122e-04,1.033494988128311849e-04
1.050601796650889997e-04,1.049863033431977971e-04,1.053069718731600450e-04,1.048931360887055716e-04,1.051212333174993932e-04
1.069324366758544781e-04,1.066419379288567848e-04,1.068966274322477600e-04,1.067837764381487849e-04,1.068540958907333594e-04
1.084403535909590961e-04,1.086906147912283609e-04,1.084792531859156899e-04,1.083839059925682352e-04,1.086761028395690285e-04
1.099776540997042583e-04,1.100518151946511155e-04,1.099672579732122765e-04,1.099565198882966946e-04,1.099812820990015371e-04
1.118197819448319585e-04,1.118071483702096818e-04,1.117345533852970703e-04,1.118097275509099799e-04,1.118638932125248683e-04
1.131922429054410377e-04,1.135351874102629843e-04,1.134226505604176289e-04,1.135248873107763332e-04,1.136459366808456665e-04
1.150251289409383613e-04,1.152166770176387713e-04,1.152897352213903473e-04,1.152720659117197570e-04,1.152507417417611072e-04
1.171631789500738376e-04,1.169517374302488896e-04,1.171090460894360394e-04,1.169916859042549075e-04,1.172388441051323675e-04
1.186435942126206727e-04,1.184632209707162060e-04,1.186984365521568719e-04,1.190046321542739154e-04,1.188794767531734501e-04
1.206870686812085933e-04,1.206442308566439741e-04,1.204087629911266085e-04,1.203806164595018632e-04,1.203412015221439212e-04
1.217891975482536976e-04,1.219553715720283750e-04,1.220085821918437673e-04,1.221594078232784780e-04,1.217593868544324917e-04
1.238648436189191120e-04,1.235991483304367804e-04,1.239068744211387844e-04,1.238778821275775472e-04,1.241950864299090867e-04
1.256230098710067083e-04,1.254037366503203655e-04,1.254727338484219246e-04,1.256778982081780652e-04,1.255224337185188721e-04
1.270977132637035590e-04,1.269516932308312033e-04,1.269209540304855907e-04,1.268407887379101881e-04,1.268178856482069146e-04
1.288872612839069736e-04,1.286954706942454213e-04,1.286286594607747951e-04,1.286785037957778718e-04,1.287147022923713533e-04
1.305687250683551970e-04,1.305639989610821389e-04,1.305072010424445489e-04,1.303491899892420122e-04,1.305989089594557977e-04
1.322998273243648879e-04,1.322382684391604571e-04,1.320846973944926909e-04,1.320079535785309555e-04,1.320906728171898376e-04
1.336708090690469060e-04,1.336516714232019335e-04,1.334047127161844628e-04,1.334508210406490608e-04,1.337198997453439018e-04
1.352424680325954175e-04,1.353840192997306539e-04,1.354352647636409906e-04,1.356531531184012695e-04,1.358427685539815829e-04
1.368711570159723519e-04,1.370023181548919180e-04,1.372058504888631176e-04,1.371723664892921413e-04,1.370986053239669166e-04
1.383932614443681634e-04,1.384956933402176310e-04,1.386202887309252881e-04,1.386053670204841323e-04,1.383176728276451582e-04
1.400713027195831461e-04,1.400812338158305913e-04,1.399922646681026712e-04,1.401900281139783469e-04,1.400613185382887902e-04
1.421883619591004296e-04,1.418170565340267557e-04,1.419205869060512074e-04,1.423005266683540187e-04,1.422843434607574562e-04
1.434313551081917561e-04,1.436486328357423231e-04,1.435914416749930621e-04,1.435599960998638056e-04,1.436807155198527655e-04
1.451386805205668511e-04,1.453367000150115385e-04,1.452222821044109845e-04,1.453000996132581342e-04,1.451842222900785945e-04
